33853, 214, 0, 0, 5894, 1261, 8078, 1836, 0, 0, 33, 11630, 0, 0, 0, 0, 0, 0, 0, 0, 2857, 471, 1284, 6, 1309, 124, 2512, 17312, 0, 0, 0, 1394, 0, 0, 0, 0, 0, 0, 0, 0, 0, 2, 174, 508, 0, 0, 4, 3115, 0, 0, 0, 0, 0, 0, 0, 0, 0, 0, 0, 0, 0, 0, 0, 4433, 
28555, 37, 0, 0, 30581, 695, 43, 0, 0, 0, 0, 0, 0, 0, 0, 0, 0, 0, 0, 0, 7424, 1453, 151, 0, 1118, 515, 931, 2253, 0, 0, 0, 0, 0, 0, 0, 0, 0, 0, 0, 0, 10, 42, 880, 2560, 0, 0, 213, 9215, 0, 0, 0, 0, 0, 0, 0, 0, 0, 0, 0, 0, 0, 0, 5, 11623, 
7016, 197, 0, 0, 9320, 1493, 2945, 584, 0, 0, 0, 0, 0, 0, 0, 0, 35, 8, 0, 0, 12177, 5971, 12390, 1592, 6593, 1083, 1497, 23665, 0, 0, 0, 0, 0, 0, 0, 0, 3, 33, 53, 0, 9270, 1919, 363, 21, 0, 20, 15, 0, 0, 0, 0, 0, 0, 0, 0, 0, 0, 0, 2, 8, 0, 1, 25, 5, 
25435, 6983, 0, 0, 279, 3046, 452, 3, 0, 0, 0, 5, 0, 0, 0, 0, 156, 3, 0, 0, 3547, 2299, 1638, 118, 7040, 345, 1003, 9122, 0, 0, 0, 536, 0, 0, 0, 0, 29, 39, 0, 0, 12239, 3451, 504, 1979, 7, 149, 1, 13656, 0, 0, 0, 0, 0, 0, 0, 0, 0, 42, 64, 0, 0, 17, 146, 3971, 
12632, 4252, 0, 0, 1268, 9370, 3032, 338, 0, 0, 181, 10524, 0, 0, 0, 0, 161, 5, 0, 0, 3748, 4819, 2979, 0, 199, 2841, 3675, 6490, 0, 0, 0, 0, 9, 3, 0, 0, 34, 165, 3, 0, 153, 13290, 5563, 2561, 0, 598, 522, 1581, 0, 0, 0, 0, 0, 42, 0, 0, 0, 107, 117, 9, 0, 138, 3245, 3650, 
30229, 105, 0, 0, 11808, 542, 0, 0, 0, 0, 0, 0, 0, 0, 0, 0, 366, 2, 0, 0, 19924, 3776, 80, 0, 5511, 842, 441, 117, 0, 0, 0, 0, 3, 0, 0, 0, 57, 107, 7, 0, 3812, 1682, 2889, 2810, 0, 5, 176, 1738, 0, 0, 0, 0, 0, 0, 0, 0, 5, 190, 21, 3, 0, 7, 136, 10913, 
17701, 2673, 0, 0, 11388, 1067, 221, 0, 203, 0, 0, 0, 0, 0, 0, 0, 449, 391, 0, 0, 660, 6022, 7198, 0, 90, 19, 3612, 4026, 0, 0, 0, 226, 1, 0, 0, 0, 7, 333, 387, 0, 0, 134, 5267, 6251, 0, 0, 1, 27050, 0, 0, 0, 0, 0, 0, 0, 0, 0, 0, 383, 215, 0, 0, 143, 2186, 
25638, 2619, 0, 0, 11123, 13328, 0, 0, 0, 0, 0, 0, 0, 0, 0, 0, 0, 23, 0, 0, 974, 23638, 105, 0, 0, 5525, 2880, 0, 0, 0, 0, 0, 0, 0, 0, 0, 0, 141, 13, 0, 0, 9, 622, 8, 0, 0, 21, 69, 0, 0, 0, 0, 0, 0, 0, 0, 0, 0, 0, 0, 0, 0, 0, 11568, 
28438, 1, 0, 0, 793, 27, 0, 0, 0, 0, 0, 0, 0, 0, 0, 0, 6779, 6, 0, 0, 20244, 870, 0, 0, 17, 19, 3, 0, 0, 0, 0, 0, 2122, 0, 0, 0, 14139, 2094, 0, 0, 1344, 2884, 32, 0, 0, 0, 0, 0, 0, 0, 0, 0, 5175, 732, 0, 0, 39, 1796, 166, 0, 0, 32, 303, 10249, 
41060, 176, 0, 0, 7073, 1326, 0, 0, 0, 0, 0, 0, 0, 0, 0, 0, 3626, 23, 0, 0, 18420, 6832, 100, 0, 545, 102, 91, 0, 0, 0, 0, 0, 1, 0, 0, 0, 661, 1236, 2, 0, 6, 525, 923, 27, 0, 0, 18, 75, 0, 0, 0, 0, 0, 2, 0, 0, 0, 202, 130, 3, 0, 0, 223, 14896, 
19602, 1083, 0, 0, 31889, 8757, 41, 0, 0, 0, 0, 0, 0, 0, 0, 0, 174, 10, 0, 0, 8093, 10803, 6336, 0, 686, 3843, 2816, 0, 0, 0, 0, 0, 0, 0, 0, 0, 0, 83, 2, 0, 0, 368, 595, 710, 0, 1, 9, 355, 0, 0, 0, 0, 0, 0, 0, 0, 0, 0, 2, 2, 0, 0, 10, 2034, 
18006, 208, 0, 0, 14369, 5535, 57, 0, 426, 3, 0, 0, 0, 0, 0, 0, 12, 0, 0, 0, 5921, 4760, 3668, 0, 18013, 15371, 3346, 0, 0, 1, 0, 0, 0, 0, 0, 0, 0, 29, 0, 0, 1, 704, 2940, 1577, 0, 4, 15, 997, 0, 0, 0, 0, 0, 0, 0, 0, 0, 4, 26, 0, 0, 0, 154, 2157, 
14612, 449, 0, 0, 3587, 2962, 0, 0, 0, 0, 0, 0, 0, 0, 0, 0, 3, 19, 0, 0, 2917, 8801, 1227, 0, 29405, 4089, 5975, 0, 0, 0, 0, 0, 0, 0, 0, 0, 0, 0, 0, 0, 8691, 1008, 2807, 27, 675, 469, 2, 71, 0, 0, 0, 0, 0, 0, 0, 0, 0, 0, 4, 0, 36, 57, 11, 10400, 
19272, 132, 0, 0, 5092, 399, 0, 0, 0, 0, 0, 0, 0, 0, 0, 0, 1305, 0, 0, 0, 21711, 5746, 36, 0, 16929, 3340, 113, 0, 0, 0, 0, 0, 0, 0, 0, 0, 358, 899, 0, 0, 0, 832, 274, 152, 0, 0, 16, 7548, 0, 0, 0, 0, 0, 0, 0, 0, 0, 4, 7, 0, 0, 0, 16, 14123, 
37377, 0, 0, 0, 23062, 313, 0, 0, 0, 0, 0, 0, 0, 0, 0, 0, 259, 0, 0, 0, 12457, 4301, 0, 0, 3274, 1927, 27, 0, 0, 0, 0, 0, 3, 0, 0, 0, 213, 200, 0, 0, 0, 334, 981, 2, 0, 5, 194, 436, 0, 0, 0, 0, 0, 10, 0, 0, 0, 12, 183, 0, 0, 0, 201, 12533, 
14298, 73, 0, 0, 6724, 165, 1, 0, 0, 0, 0, 0, 0, 0, 0, 0, 2718, 1, 0, 0, 26895, 1357, 11607, 0, 4700, 947, 8023, 2980, 0, 0, 0, 0, 225, 21, 0, 0, 590, 221, 1, 0, 351, 1617, 9266, 5051, 0, 37, 9, 22, 52, 14, 0, 0, 30, 44, 14, 0, 10, 34, 90, 6, 0, 3, 15, 92, 
24279, 468, 0, 0, 8402, 587, 7, 0, 0, 0, 0, 0, 0, 0, 0, 0, 27, 0, 0, 0, 24641, 2471, 4671, 1316, 1118, 529, 1152, 10560, 0, 0, 0, 0, 0, 0, 0, 0, 5, 10, 0, 0, 82, 2364, 2201, 10727, 0, 15, 172, 367, 0, 0, 0, 0, 0, 0, 0, 0, 0, 0, 35, 0, 0, 0, 1729, 369, 
16892, 7623, 0, 0, 1059, 678, 0, 0, 0, 0, 0, 0, 0, 0, 0, 0, 2099, 87, 0, 0, 35033, 5524, 12887, 3, 1767, 169, 1994, 1132, 0, 0, 0, 0, 0, 0, 0, 0, 169, 164, 2, 0, 587, 1017, 2723, 4583, 0, 0, 35, 161, 0, 0, 0, 0, 0, 0, 0, 0, 0, 53, 40, 1, 0, 1, 149, 1672, 
9801, 232, 0, 0, 6880, 1438, 0, 0, 0, 0, 0, 0, 0, 0, 0, 0, 757, 16, 0, 0, 19904, 3283, 236, 0, 24481, 5822, 472, 29, 0, 0, 0, 0, 138, 16, 0, 0, 585, 167, 28, 0, 620, 2677, 1466, 4581, 0, 41, 24, 2956, 51, 59, 0, 0, 10, 9, 0, 0, 53, 158, 25, 3, 0, 21, 119, 11146, 
9180, 279, 0, 0, 6878, 838, 0, 0, 0, 0, 0, 0, 0, 0, 0, 0, 1624, 6, 0, 0, 31136, 2464, 64, 0, 24880, 5526, 139, 9, 0, 0, 0, 0, 253, 14, 0, 0, 1832, 525, 9, 0, 1293, 7686, 781, 382, 0, 77, 61, 14, 55, 106, 0, 0, 0, 44, 3, 0, 1, 53, 286, 29, 0, 2, 684, 1091, 
6326, 0, 0, 0, 489, 1, 0, 0, 0, 0, 0, 0, 0, 0, 0, 0, 3371, 3, 0, 0, 14704, 586, 0, 0, 1822, 682, 0, 0, 0, 0, 0, 0, 226, 0, 0, 0, 3162, 604, 1, 0, 18682, 15799, 332, 324, 0, 75, 178, 16282, 0, 0, 0, 0, 41, 40, 0, 0, 458, 2559, 136, 0, 7, 2160, 541, 8713, 
8480, 43, 0, 0, 556, 44, 0, 0, 0, 0, 0, 0, 0, 0, 0, 0, 621, 3, 0, 0, 32452, 3361, 10, 0, 6842, 6811, 8, 0, 0, 0, 0, 0, 0, 0, 0, 0, 105, 409, 0, 0, 445, 11087, 488, 1748, 0, 4, 23, 8632, 0, 0, 0, 0, 0, 0, 0, 0, 0, 7, 46, 0, 0, 0, 107, 15972, 
6640, 145, 139, 0, 2604, 76, 9872, 240, 0, 0, 0, 0, 0, 0, 0, 0, 340, 1, 0, 0, 23095, 1498, 8803, 2891, 3316, 1781, 965, 9211, 0, 0, 0, 0, 0, 0, 0, 0, 27, 29, 0, 0, 511, 1585, 1062, 11283, 0, 16, 60, 7064, 0, 0, 0, 0, 0, 0, 0, 0, 0, 3, 1, 0, 0, 2, 107, 4937, 
20139, 608, 1013, 0, 7846, 403, 5064, 52, 0, 0, 0, 0, 0, 0, 0, 0, 73, 4, 0, 0, 10738, 1860, 12612, 2565, 13, 152, 3637, 8529, 0, 0, 0, 0, 12, 9, 0, 0, 1, 12, 0, 0, 0, 166, 4605, 13406, 0, 0, 9, 2445, 0, 0, 0, 0, 0, 0, 0, 0, 0, 0, 0, 1, 0, 0, 27, 2303, 
1495, 0, 0, 0, 1066, 363, 293, 0, 0, 6, 106, 0, 0, 0, 0, 0, 286, 0, 0, 0, 12543, 1260, 1161, 0, 2777, 346, 2400, 0, 0, 0, 0, 0, 0, 0, 0, 0, 1475, 21, 0, 0, 13174, 324, 695, 11, 25, 9, 80, 144, 0, 0, 0, 0, 18, 0, 0, 0, 1400, 173, 27, 0, 65, 249, 222, 18287, 
22903, 0, 0, 0, 369, 0, 0, 0, 0, 0, 0, 0, 0, 0, 0, 0, 9240, 2, 0, 0, 24010, 693, 0, 0, 122, 5, 0, 0, 0, 0, 0, 0, 1260, 0, 0, 0, 22171, 1593, 0, 0, 7758, 1767, 48, 0, 0, 0, 0, 0, 9, 0, 0, 0, 2807, 136, 0, 0, 2448, 755, 66, 0, 95, 34, 13, 0, 
15995, 50, 0, 0, 1918, 532, 6, 0, 0, 0, 0, 0, 0, 0, 0, 0, 6267, 6, 0, 0, 16368, 7344, 572, 0, 1205, 1759, 1252, 46, 0, 0, 0, 0, 1474, 25, 0, 0, 7139, 5922, 2, 0, 3246, 9275, 2078, 1348, 0, 40, 322, 11417, 7, 4, 0, 0, 134, 320, 0, 0, 238, 1155, 95, 0, 0, 198, 417, 128, 
14478, 0, 0, 0, 6440, 9, 0, 0, 0, 0, 0, 0, 0, 0, 0, 0, 9122, 0, 0, 0, 29026, 722, 0, 0, 9755, 7750, 0, 0, 0, 0, 0, 0, 3408, 175, 0, 0, 3521, 917, 0, 0, 3791, 8841, 106, 0, 0, 14, 51, 1, 0, 0, 0, 0, 1, 56, 0, 0, 6, 59, 5, 0, 0, 2, 34, 14, 
11395, 0, 0, 0, 4116, 39, 0, 0, 0, 0, 0, 0, 0, 0, 0, 0, 834, 0, 0, 0, 17787, 3068, 197, 0, 2459, 703, 402, 0, 0, 0, 0, 0, 0, 0, 0, 0, 3479, 1415, 3, 0, 11964, 20007, 5361, 11, 532, 9102, 26, 172, 0, 0, 0, 0, 0, 0, 0, 0, 1888, 1163, 185, 0, 281, 1619, 87, 9, 
5765, 0, 0, 0, 2119, 125, 7, 0, 0, 0, 0, 0, 0, 0, 0, 0, 1661, 6, 0, 0, 9369, 3083, 788, 0, 3748, 2559, 1881, 0, 0, 0, 0, 0, 1021, 36, 0, 0, 1171, 534, 0, 0, 9870, 28354, 5397, 2351, 39, 505, 663, 12698, 138, 54, 0, 0, 119, 229, 0, 0, 66, 1556, 10, 0, 3, 1926, 75, 378, 
27907, 601, 0, 0, 8268, 1624, 25, 0, 0, 0, 0, 0, 0, 0, 0, 0, 3875, 154, 0, 0, 16268, 7264, 699, 82, 1779, 6003, 280, 182, 0, 0, 0, 0, 354, 288, 0, 0, 3922, 3177, 33, 0, 2348, 7460, 562, 253, 57, 1114, 105, 41, 0, 7, 0, 0, 33, 469, 24, 0, 55, 1475, 105, 1, 59, 1103, 154, 94, 
7955, 3, 0, 0, 2748, 45, 0, 0, 0, 0, 0, 0, 0, 0, 0, 0, 4977, 13, 0, 0, 18066, 1519, 5, 0, 6174, 1949, 133, 11, 203, 357, 0, 0, 541, 42, 0, 0, 10169, 3016, 0, 0, 10898, 8636, 455, 44, 116, 13439, 139, 817, 0, 16, 0, 0, 159, 329, 0, 0, 1073, 3000, 59, 4, 125, 965, 100, 4, 
28907, 0, 0, 0, 0, 0, 0, 0, 0, 0, 0, 0, 0, 0, 0, 0, 18035, 0, 0, 0, 85, 23, 0, 0, 0, 0, 0, 0, 0, 0, 0, 0, 9560, 0, 0, 0, 3897, 12, 0, 0, 0, 0, 0, 0, 0, 0, 0, 0, 76, 0, 0, 0, 25647, 0, 0, 0, 8631, 0, 0, 0, 1068, 290, 245, 1828, 
23990, 0, 0, 0, 0, 0, 0, 0, 0, 0, 0, 0, 0, 0, 0, 0, 10536, 0, 0, 0, 1181, 25, 0, 0, 0, 0, 0, 0, 0, 0, 0, 0, 5768, 1, 0, 0, 17485, 118, 0, 0, 9, 0, 0, 0, 0, 0, 0, 0, 1429, 0, 0, 0, 19559, 270, 0, 0, 5794, 203, 1, 0, 10944, 200, 154, 637, 
12178, 0, 0, 0, 4, 0, 0, 0, 0, 0, 0, 0, 0, 0, 0, 0, 7090, 0, 0, 0, 15588, 265, 0, 0, 0, 0, 0, 0, 0, 0, 0, 0, 1, 0, 0, 0, 39424, 1295, 0, 0, 134, 448, 0, 0, 0, 0, 0, 0, 0, 0, 0, 0, 14792, 2, 0, 0, 6075, 1008, 0, 0, 0, 0, 0, 0, 
21056, 0, 0, 0, 0, 0, 0, 0, 0, 0, 0, 0, 0, 0, 0, 0, 13703, 0, 0, 0, 6169, 0, 0, 0, 0, 0, 0, 0, 0, 0, 0, 0, 1086, 0, 0, 0, 43034, 6, 0, 0, 0, 1, 0, 0, 0, 0, 0, 0, 0, 0, 0, 0, 12429, 3, 0, 0, 627, 18, 0, 0, 85, 87, 0, 0, 
11087, 0, 0, 0, 0, 0, 0, 0, 0, 0, 0, 0, 0, 0, 0, 0, 1612, 0, 0, 0, 0, 0, 0, 0, 0, 0, 0, 0, 0, 0, 0, 0, 1378, 3, 0, 0, 0, 0, 0, 0, 0, 0, 0, 0, 0, 0, 0, 0, 76449, 932, 0, 0, 2063, 4780, 0, 0, 0, 0, 0, 0, 0, 0, 0, 0, 
29705, 0, 0, 0, 0, 0, 0, 0, 0, 0, 0, 0, 0, 0, 0, 0, 21873, 0, 0, 0, 42, 1, 0, 0, 0, 0, 0, 0, 0, 0, 0, 0, 9007, 2, 0, 0, 13029, 174, 0, 0, 15, 41, 0, 0, 0, 0, 0, 0, 202, 0, 0, 0, 18317, 110, 0, 0, 5595, 191, 0, 0, 0, 0, 0, 0, 
13483, 26068, 1330, 0, 0, 103, 747, 0, 0, 0, 0, 0, 0, 0, 0, 0, 8592, 14667, 107, 0, 0, 3105, 6183, 0, 0, 0, 0, 0, 0, 0, 0, 0, 817, 5534, 0, 0, 2, 7060, 636, 0, 0, 0, 0, 0, 0, 0, 0, 0, 3, 373, 0, 0, 0, 8869, 590, 0, 0, 0, 35, 0, 0, 0, 0, 0, 
33999, 0, 0, 0, 0, 0, 0, 0, 0, 0, 0, 0, 0, 0, 0, 0, 13411, 2, 0, 0, 42, 27, 0, 0, 0, 0, 0, 0, 0, 0, 0, 0, 10223, 6, 0, 0, 13525, 893, 0, 0, 0, 3, 0, 0, 0, 0, 0, 0, 803, 17, 0, 0, 21003, 1331, 0, 0, 2724, 290, 5, 0, 0, 0, 0, 0, 
33833, 424, 0, 0, 2403, 3148, 4, 0, 0, 0, 0, 0, 0, 0, 0, 0, 5198, 248, 0, 0, 705, 2244, 770, 0, 0, 389, 776, 0, 0, 0, 0, 0, 10857, 593, 0, 0, 133, 1910, 154, 0, 0, 59, 284, 0, 0, 0, 2, 0, 15814, 2114, 0, 0, 2006, 10058, 315, 0, 0, 1826, 2035, 1, 0, 0, 1, 0, 
70943, 0, 0, 0, 0, 0, 0, 0, 0, 0, 0, 0, 0, 0, 0, 0, 1134, 0, 0, 0, 137, 5, 0, 0, 0, 0, 0, 0, 0, 0, 0, 0, 17613, 16, 0, 0, 350, 105, 0, 0, 206, 92, 6, 0, 0, 0, 0, 0, 3666, 766, 0, 0, 205, 1731, 15, 0, 4, 127, 846, 0, 0, 0, 323, 14, 
83816, 416, 0, 0, 3, 57, 24, 0, 0, 0, 0, 0, 0, 0, 0, 0, 2370, 180, 0, 0, 474, 849, 167, 0, 0, 0, 0, 0, 0, 0, 0, 0, 4974, 22, 0, 0, 113, 741, 62, 0, 0, 38, 413, 17, 0, 0, 75, 8, 434, 20, 0, 0, 109, 836, 23, 0, 0, 37, 833, 45, 0, 0, 600, 548, 
20040, 0, 0, 0, 0, 0, 0, 0, 0, 0, 0, 0, 0, 0, 0, 0, 36607, 0, 0, 0, 0, 0, 0, 0, 0, 0, 0, 0, 0, 0, 0, 0, 35347, 2, 0, 0, 109, 10, 0, 0, 0, 2, 0, 0, 0, 0, 0, 0, 2033, 1, 0, 0, 3307, 67, 1, 0, 634, 36, 3, 0, 29, 51, 25, 0, 
28842, 0, 0, 0, 0, 0, 0, 0, 0, 0, 0, 0, 0, 0, 0, 0, 23884, 0, 0, 0, 39, 4, 0, 0, 0, 0, 0, 0, 0, 0, 0, 0, 15251, 0, 0, 0, 122, 26, 0, 0, 0, 0, 0, 0, 0, 0, 0, 0, 25043, 0, 0, 0, 4200, 25, 0, 0, 101, 50, 0, 0, 68, 216, 335, 98, 
46451, 1, 0, 0, 0, 0, 0, 0, 0, 0, 0, 0, 0, 0, 0, 0, 10981, 32, 0, 0, 2936, 1107, 0, 0, 0, 0, 0, 0, 0, 0, 0, 0, 708, 0, 0, 0, 11918, 5098, 0, 0, 278, 5739, 500, 0, 0, 0, 0, 0, 0, 0, 0, 0, 1587, 5, 0, 0, 5318, 5293, 14, 0, 323, 15, 0, 0, 
31531, 0, 0, 0, 0, 0, 0, 0, 0, 0, 0, 0, 0, 0, 0, 0, 22436, 15, 0, 0, 18, 58, 0, 0, 0, 0, 0, 0, 0, 0, 0, 0, 23006, 10, 0, 0, 406, 375, 0, 0, 59, 13, 8, 0, 0, 0, 0, 0, 7572, 7, 0, 0, 7463, 272, 1, 0, 3675, 439, 56, 0, 313, 468, 103, 0, 
45912, 0, 0, 0, 0, 0, 0, 0, 0, 0, 0, 0, 0, 0, 0, 0, 18580, 29, 0, 0, 1317, 793, 0, 0, 0, 0, 0, 0, 0, 0, 0, 0, 6902, 28, 0, 0, 5778, 1414, 2, 0, 22, 18, 15, 0, 0, 0, 0, 0, 4800, 18, 0, 0, 6659, 1669, 0, 0, 1599, 1419, 145, 0, 896, 277, 12, 0, 
4, 0, 0, 0, 0, 0, 0, 0, 0, 0, 0, 0, 0, 0, 0, 0, 12, 0, 0, 0, 22, 44, 0, 0, 0, 0, 0, 0, 0, 0, 0, 0, 11, 0, 0, 0, 3, 549, 0, 0, 0, 177, 714, 0, 0, 0, 0, 0, 134, 43, 0, 0, 13, 19242, 0, 0, 0, 1051, 5914, 93, 0, 0, 2274, 68004, 
986, 0, 0, 0, 0, 0, 0, 0, 0, 0, 0, 0, 0, 0, 0, 0, 1655, 1, 0, 0, 176, 615, 0, 0, 0, 0, 0, 0, 0, 0, 0, 0, 3170, 0, 0, 0, 368, 532, 2, 0, 22, 3305, 48344, 2, 0, 0, 9, 0, 2540, 0, 0, 0, 3547, 27, 0, 0, 1898, 1826, 13623, 53, 113, 200, 13399, 1891, 
1673, 0, 0, 0, 570, 54, 0, 0, 0, 0, 0, 0, 0, 0, 0, 0, 5098, 0, 0, 0, 599, 1234, 0, 0, 5, 160, 5, 0, 0, 0, 0, 0, 1241, 0, 0, 0, 2515, 1809, 0, 0, 0, 854, 4067, 0, 0, 0, 828, 1554, 2367, 0, 0, 0, 4809, 3090, 0, 0, 0, 781, 6508, 81, 0, 0, 3753, 54649, 
4846, 520, 0, 0, 75, 1571, 1, 0, 0, 0, 0, 0, 0, 0, 0, 0, 1175, 10, 0, 0, 491, 2550, 290, 0, 0, 4, 141, 0, 0, 0, 0, 0, 2158, 0, 0, 0, 511, 530, 34, 0, 53, 379, 6569, 105, 0, 0, 4, 13, 16656, 0, 0, 0, 3679, 143, 0, 0, 946, 964, 15852, 705, 306, 400, 1930, 34693, 
4374, 0, 0, 0, 1118, 0, 0, 0, 0, 0, 0, 0, 0, 0, 0, 0, 712, 0, 0, 0, 1154, 201, 0, 0, 0, 2, 0, 0, 0, 0, 0, 0, 5088, 1, 0, 0, 2354, 887, 0, 0, 85, 660, 596, 0, 0, 0, 4, 0, 2210, 24, 0, 0, 1707, 95, 0, 0, 1341, 1285, 8295, 169, 1, 155, 1538, 64248, 
345, 0, 0, 0, 0, 0, 0, 0, 0, 0, 0, 0, 0, 0, 0, 0, 1644, 15, 0, 0, 210, 821, 0, 0, 0, 0, 0, 0, 0, 0, 0, 0, 3752, 5, 0, 0, 359, 1292, 0, 0, 0, 584, 33313, 0, 0, 0, 12, 1, 5001, 0, 0, 0, 856, 268, 4, 0, 825, 776, 24024, 41, 0, 0, 16201, 7955, 
29846, 0, 0, 0, 1040, 0, 0, 0, 0, 0, 0, 0, 0, 0, 0, 0, 1520, 0, 0, 0, 11471, 12375, 0, 0, 0, 0, 0, 0, 0, 0, 0, 0, 6256, 8, 0, 0, 1058, 2650, 0, 0, 850, 3290, 16981, 0, 0, 0, 7, 0, 5620, 21, 0, 0, 1623, 516, 2, 0, 336, 478, 2031, 0, 0, 11, 268, 46, 
4, 0, 0, 0, 0, 0, 0, 0, 0, 0, 0, 0, 0, 0, 0, 0, 5364, 0, 0, 0, 737, 583, 0, 0, 0, 0, 0, 0, 0, 0, 0, 0, 4968, 0, 0, 0, 2104, 1857, 0, 0, 11, 1144, 1304, 0, 0, 0, 0, 0, 0, 0, 0, 0, 2929, 349, 0, 0, 1171, 629, 12155, 59, 963, 661, 7592, 53720, 
16926, 0, 0, 0, 0, 0, 0, 0, 0, 0, 0, 0, 0, 0, 0, 0, 8338, 0, 0, 0, 177, 18, 0, 0, 0, 0, 0, 0, 0, 0, 0, 0, 9813, 0, 0, 0, 3466, 167, 0, 0, 0, 1, 0, 0, 0, 0, 0, 0, 12707, 3, 0, 0, 46315, 116, 0, 0, 66, 65, 0, 0, 74, 52, 0, 0, 
6101, 0, 0, 0, 0, 0, 0, 0, 0, 0, 0, 0, 0, 0, 0, 0, 14687, 0, 0, 0, 51, 0, 0, 0, 0, 0, 0, 0, 0, 0, 0, 0, 11877, 0, 0, 0, 12057, 75, 0, 0, 27, 0, 0, 0, 0, 0, 0, 0, 29619, 0, 0, 0, 18334, 130, 0, 0, 3163, 215, 0, 0, 75, 791, 493, 609, 
19264, 0, 0, 0, 448, 5, 0, 0, 0, 0, 0, 0, 0, 0, 0, 0, 4913, 0, 0, 0, 2, 56, 0, 0, 0, 1, 0, 0, 0, 0, 0, 0, 2885, 68, 0, 0, 85, 135, 0, 0, 1, 0, 0, 0, 0, 0, 0, 0, 17810, 8254, 0, 0, 2747, 40963, 0, 0, 59, 367, 227, 0, 0, 5, 9, 0, 
25532, 0, 0, 0, 493, 0, 0, 0, 0, 0, 0, 0, 0, 0, 0, 0, 1964, 0, 0, 0, 3641, 4, 0, 0, 38, 2, 0, 0, 0, 0, 0, 0, 1917, 0, 0, 0, 6557, 5, 0, 0, 3136, 518, 0, 0, 0, 1, 0, 0, 370, 0, 0, 0, 50037, 30, 0, 0, 2629, 1111, 0, 0, 4, 274, 41, 0, 
14833, 0, 0, 0, 144, 0, 0, 0, 0, 0, 0, 0, 0, 0, 0, 0, 26000, 3, 0, 0, 347, 50, 0, 0, 247, 54, 0, 0, 0, 0, 0, 0, 29368, 2603, 0, 0, 221, 824, 0, 0, 10, 57, 2, 0, 0, 0, 0, 0, 3282, 7848, 0, 0, 71, 10885, 115, 0, 71, 392, 596, 3, 1, 74, 108, 95, 
1637, 0, 0, 0, 0, 0, 0, 0, 0, 0, 0, 0, 0, 0, 0, 0, 7370, 0, 0, 0, 4050, 19, 0, 0, 0, 0, 0, 0, 0, 0, 0, 0, 1073, 0, 0, 0, 17250, 37, 0, 0, 13060, 349, 0, 0, 1227, 14, 0, 0, 83, 0, 0, 0, 2700, 10, 0, 0, 19823, 2057, 0, 0, 24249, 3296, 0, 0, 
3901, 0, 0, 0, 2143, 416, 0, 0, 104, 91, 1, 0, 0, 0, 0, 0, 3935, 21, 0, 0, 85, 206, 1, 0, 0, 156, 120, 0, 0, 0, 0, 0, 20659, 500, 0, 0, 41, 79, 4, 0, 1, 1, 15, 0, 0, 0, 0, 0, 18999, 32147, 90, 0, 1228, 5437, 4391, 120, 544, 93, 965, 951, 374, 485, 0, 0, 
4226, 0, 0, 0, 51, 0, 0, 0, 0, 0, 0, 0, 0, 0, 0, 0, 18562, 1652, 0, 0, 30, 83, 0, 0, 0, 0, 0, 0, 0, 0, 0, 0, 13462, 15545, 7, 0, 0, 713, 195, 0, 0, 0, 6, 0, 0, 0, 0, 0, 1969, 22490, 1850, 0, 0, 547, 14932, 1733, 0, 0, 133, 118, 0, 0, 0, 0, 
5657, 0, 0, 0, 68, 2, 0, 0, 0, 0, 0, 0, 0, 0, 0, 0, 11610, 10, 0, 0, 168, 95, 0, 0, 561, 0, 0, 0, 0, 0, 0, 0, 27816, 113, 0, 0, 3607, 1321, 0, 0, 1378, 94, 0, 0, 0, 1, 0, 0, 10752, 257, 0, 0, 5082, 10255, 0, 0, 8478, 9674, 965, 0, 10, 283, 47, 0, 
25282, 0, 0, 0, 2078, 100, 0, 0, 0, 0, 0, 0, 0, 0, 0, 0, 1, 0, 0, 0, 3170, 26969, 0, 0, 431, 7662, 866, 143, 0, 0, 0, 0, 0, 0, 0, 0, 132, 32, 0, 0, 101, 7715, 14645, 1165, 2, 137, 520, 471, 0, 0, 0, 0, 0, 0, 0, 0, 0, 108, 193, 8, 0, 0, 1011, 5362, 
53195, 0, 0, 0, 376, 3, 0, 0, 59, 0, 0, 0, 0, 0, 0, 0, 2429, 7, 0, 0, 283, 237, 0, 0, 185, 298, 11, 0, 285, 368, 6, 0, 6931, 654, 0, 0, 682, 1497, 51, 0, 27, 739, 409, 0, 16, 499, 606, 22, 5537, 5655, 18, 0, 193, 8052, 3998, 41, 0, 494, 2568, 762, 0, 21, 400, 690, 
44895, 0, 0, 0, 292, 0, 0, 0, 0, 0, 0, 0, 0, 0, 0, 0, 518, 0, 0, 0, 5648, 574, 0, 0, 297, 88, 0, 0, 0, 0, 0, 0, 0, 0, 0, 0, 3765, 126, 0, 0, 24790, 7581, 132, 0, 0, 0, 0, 0, 0, 0, 0, 0, 0, 0, 0, 0, 3626, 5965, 6, 0, 0, 1, 0, 0, 
23302, 0, 0, 0, 0, 0, 0, 0, 0, 0, 0, 0, 0, 0, 0, 0, 2002, 0, 0, 0, 1132, 7, 0, 0, 0, 0, 0, 0, 0, 0, 0, 0, 510, 0, 0, 0, 5135, 43, 0, 0, 51097, 189, 0, 0, 0, 0, 0, 0, 0, 0, 0, 0, 40, 4, 0, 0, 14718, 125, 0, 0, 0, 0, 0, 0, 
43327, 10, 0, 0, 3788, 1041, 0, 0, 0, 0, 0, 0, 0, 0, 0, 0, 231, 0, 0, 0, 4598, 1688, 0, 0, 22, 106, 6, 0, 0, 0, 0, 0, 0, 0, 0, 0, 6688, 16, 0, 0, 23258, 461, 4, 0, 1, 7, 0, 0, 0, 0, 0, 0, 0, 0, 0, 0, 10568, 195, 0, 0, 1873, 393, 23, 0, 
70080, 0, 0, 0, 10448, 15, 0, 0, 677, 10, 0, 0, 0, 0, 0, 0, 93, 0, 0, 0, 1416, 561, 0, 0, 1048, 330, 5, 0, 0, 1, 1, 0, 0, 0, 0, 0, 314, 84, 0, 0, 2546, 1548, 625, 6, 0, 36, 88, 8, 0, 0, 0, 0, 0, 0, 0, 0, 1682, 2265, 567, 0, 23, 979, 2167, 681, 
31718, 0, 0, 0, 16139, 27, 0, 0, 0, 0, 0, 0, 0, 0, 0, 0, 1253, 0, 0, 0, 14248, 2503, 0, 0, 1494, 535, 0, 0, 0, 0, 0, 0, 85, 12, 0, 0, 697, 450, 0, 0, 895, 789, 8, 0, 0, 0, 1, 0, 24, 5, 0, 0, 2240, 21267, 87, 0, 3030, 471, 159, 0, 147, 19, 1, 0, 
32268, 0, 0, 0, 8230, 104, 0, 0, 0, 0, 0, 0, 0, 0, 0, 0, 5908, 26, 0, 0, 3857, 4917, 0, 0, 80, 2715, 54, 0, 0, 0, 0, 0, 29623, 221, 0, 0, 2482, 502, 0, 0, 320, 646, 209, 0, 0, 4, 42, 0, 1442, 544, 0, 0, 804, 1041, 99, 0, 1464, 460, 204, 0, 6, 31, 1, 0, 
20662, 27015, 0, 0, 2815, 18407, 0, 0, 0, 0, 0, 0, 0, 0, 0, 0, 936, 263, 0, 0, 1934, 311, 0, 0, 1132, 357, 3, 0, 0, 0, 0, 0, 4931, 383, 0, 0, 907, 525, 0, 0, 2213, 2300, 123, 0, 33, 1188, 594, 2, 5878, 1057, 0, 0, 140, 1018, 123, 0, 43, 337, 462, 35, 29, 598, 1234, 316, 
4881, 428, 0, 0, 23, 329, 1334, 0, 0, 0, 0, 0, 0, 0, 0, 0, 152, 7, 0, 0, 173, 1121, 10283, 942, 0, 8, 5266, 71569, 0, 0, 0, 0, 13, 12, 0, 0, 4, 110, 61, 0, 0, 48, 538, 60, 0, 0, 28, 36, 7, 27, 0, 0, 0, 15, 0, 0, 0, 0, 53, 8, 0, 0, 119, 649, 
3751, 170, 0, 0, 4, 28, 0, 0, 0, 0, 0, 0, 0, 0, 0, 0, 89, 31, 0, 0, 22, 36764, 52888, 0, 0, 0, 14, 0, 0, 0, 0, 0, 1, 0, 0, 0, 4, 31, 28, 0, 0, 4, 2262, 399, 0, 0, 0, 8, 0, 0, 0, 0, 0, 0, 0, 0, 0, 0, 10, 91, 0, 0, 0, 1705, 
5913, 174, 0, 0, 66, 94, 0, 0, 0, 0, 0, 0, 0, 0, 0, 0, 26, 40, 0, 0, 258, 8748, 67154, 0, 0, 12, 8987, 0, 0, 0, 0, 0, 0, 0, 0, 0, 0, 16, 23, 0, 0, 20, 3092, 597, 0, 0, 1, 21, 0, 0, 0, 0, 0, 0, 0, 0, 0, 0, 13, 105, 0, 0, 3, 2941, 
3191, 749, 0, 0, 0, 124, 33, 0, 0, 0, 0, 0, 0, 0, 0, 0, 66, 40, 0, 0, 23, 736, 578, 5, 0, 1, 635, 89980, 0, 0, 0, 0, 2, 0, 0, 0, 24, 112, 16, 0, 1, 192, 583, 544, 0, 0, 12, 215, 0, 0, 0, 0, 0, 0, 0, 0, 0, 41, 23, 3, 0, 0, 93, 282, 
4347, 1331, 0, 0, 0, 884, 10037, 0, 0, 0, 0, 0, 0, 0, 0, 0, 37, 32, 0, 0, 0, 1428, 69729, 0, 0, 0, 5675, 0, 0, 0, 0, 0, 0, 0, 0, 0, 0, 39, 41, 0, 0, 0, 1984, 672, 0, 0, 0, 57, 0, 0, 0, 0, 0, 0, 0, 0, 0, 0, 30, 126, 0, 0, 0, 1855, 
4572, 81, 0, 0, 1, 3, 0, 0, 0, 0, 0, 0, 0, 0, 0, 0, 168, 136, 0, 0, 28, 1782, 500, 0, 0, 0, 3, 0, 0, 0, 0, 0, 1, 71, 0, 0, 1, 180, 449, 0, 0, 1, 1393, 12609, 0, 0, 0, 3766, 0, 18, 0, 0, 0, 2, 0, 0, 0, 0, 0, 31, 0, 0, 1, 72507, 
5711, 834, 0, 0, 4, 189, 0, 0, 0, 0, 0, 0, 0, 0, 0, 0, 686, 377, 0, 0, 1184, 4433, 1025, 0, 0, 0, 206, 0, 0, 0, 0, 0, 0, 28, 0, 0, 283, 109, 100, 0, 25, 73, 1851, 644, 0, 0, 0, 1162, 0, 0, 0, 0, 0, 0, 0, 0, 0, 11, 64, 98, 0, 0, 25, 79182, 
3165, 544, 0, 0, 0, 125, 492, 47710, 0, 0, 0, 8804, 0, 0, 0, 0, 341, 448, 0, 0, 46, 1809, 1396, 5516, 0, 1, 197, 20330, 0, 0, 0, 0, 0, 0, 0, 0, 0, 107, 79, 0, 0, 44, 1284, 2618, 0, 0, 0, 2015, 0, 0, 0, 0, 0, 0, 0, 0, 0, 0, 57, 38, 0, 0, 54, 1084, 
4307, 556, 7, 0, 2, 223, 7820, 0, 0, 0, 1279, 0, 0, 0, 0, 0, 118, 40, 0, 0, 46, 744, 1516, 2, 0, 1, 25577, 53413, 0, 0, 0, 0, 38, 13, 0, 0, 0, 24, 21, 0, 0, 1, 498, 510, 0, 0, 0, 450, 42, 2, 0, 0, 0, 11, 1, 0, 0, 1, 18, 2, 0, 0, 0, 1021, 
7328, 150, 0, 0, 0, 24, 0, 0, 0, 0, 0, 0, 0, 0, 0, 0, 207, 140, 0, 0, 43, 3665, 172, 0, 0, 0, 46, 0, 0, 0, 0, 0, 0, 0, 0, 0, 0, 137, 340, 0, 0, 12, 1965, 152, 0, 0, 0, 9871, 0, 0, 0, 0, 0, 0, 0, 0, 0, 0, 0, 5, 0, 0, 1, 74046, 
4027, 393, 0, 0, 4, 56, 0, 0, 0, 0, 0, 0, 0, 0, 0, 0, 153, 78, 0, 0, 116, 3456, 1010, 0, 0, 2, 18, 0, 0, 0, 0, 0, 0, 0, 0, 0, 1, 76, 170, 0, 2, 62, 1888, 1069, 0, 0, 0, 15440, 0, 0, 0, 0, 0, 0, 0, 0, 0, 5, 48, 62, 0, 0, 34, 70134, 
4810, 26, 0, 0, 1, 13, 0, 0, 0, 0, 0, 0, 0, 0, 0, 0, 0, 0, 0, 0, 0, 251, 25, 0, 0, 0, 9, 0, 0, 0, 0, 0, 0, 0, 0, 0, 0, 1, 0, 0, 0, 0, 352, 1096, 0, 0, 1, 8571, 0, 0, 0, 0, 0, 0, 0, 0, 0, 0, 0, 1, 0, 0, 4, 83143, 
2205, 155, 0, 0, 34, 173, 7, 0, 0, 0, 0, 0, 0, 0, 0, 0, 4, 2, 0, 0, 47, 2189, 266, 0, 0, 96, 259, 0, 0, 0, 0, 0, 0, 0, 0, 0, 0, 8, 4, 0, 0, 50, 2867, 1275, 0, 0, 1, 20955, 0, 0, 0, 0, 0, 0, 0, 0, 0, 0, 6, 10, 0, 0, 0, 67691, 
4406, 2235, 54, 0, 0, 302, 19356, 49854, 0, 0, 12, 11401, 0, 0, 0, 0, 1886, 163, 0, 0, 40, 936, 940, 133, 0, 0, 165, 3221, 0, 0, 0, 0, 22, 0, 0, 0, 35, 1322, 1030, 0, 0, 6, 421, 59, 0, 0, 0, 7, 0, 0, 0, 0, 0, 5, 63, 0, 0, 0, 31, 18, 0, 0, 6, 175, 
1931, 1561, 5, 0, 0, 10, 2533, 13052, 0, 0, 0, 0, 0, 0, 0, 0, 2, 110, 1, 0, 0, 292, 11235, 64046, 0, 0, 25, 1813, 0, 0, 0, 0, 0, 0, 0, 0, 0, 0, 112, 16, 0, 0, 252, 1196, 0, 0, 0, 0, 0, 0, 0, 0, 0, 0, 0, 0, 0, 0, 0, 33, 0, 0, 0, 79, 
9401, 28, 0, 0, 7032, 170, 0, 0, 0, 0, 0, 0, 0, 0, 0, 0, 1005, 9, 0, 0, 19800, 35495, 0, 0, 2668, 6373, 0, 0, 0, 0, 0, 0, 6, 0, 0, 0, 45, 1000, 23, 0, 6319, 4703, 731, 0, 2, 80, 7, 0, 0, 0, 0, 0, 0, 1, 0, 0, 1, 72, 772, 2, 1, 74, 232, 2252, 
21682, 2, 0, 0, 11743, 137, 0, 0, 0, 0, 0, 0, 0, 0, 0, 0, 882, 0, 0, 0, 16753, 8181, 7, 0, 8108, 7530, 2, 0, 0, 0, 0, 0, 0, 0, 0, 0, 181, 1088, 30, 0, 4193, 5368, 1489, 0, 106, 2074, 235, 0, 0, 0, 0, 0, 0, 0, 0, 0, 0, 3, 1011, 520, 88, 1671, 477, 4743, 
27006, 16, 0, 0, 13641, 185, 0, 0, 0, 0, 0, 0, 0, 0, 0, 0, 1799, 184, 0, 0, 22391, 20951, 14, 0, 931, 2128, 1, 0, 0, 0, 0, 0, 97, 9, 0, 0, 160, 1405, 37, 0, 1826, 3451, 666, 0, 0, 24, 3, 0, 0, 0, 0, 0, 1, 65, 0, 0, 0, 23, 257, 25, 0, 25, 50, 933, 
11625, 500, 0, 0, 5036, 631, 0, 0, 0, 0, 0, 0, 0, 0, 0, 0, 653, 103, 0, 0, 17277, 40669, 51, 0, 2340, 4787, 5, 0, 0, 0, 0, 0, 0, 0, 0, 0, 21, 1131, 136, 0, 2121, 5649, 1898, 1, 6, 589, 148, 0, 0, 0, 0, 0, 0, 0, 0, 0, 0, 0, 906, 303, 0, 178, 155, 1385, 
16522, 30, 0, 0, 9727, 1065, 71, 0, 1, 9, 18, 0, 0, 0, 0, 0, 2458, 0, 0, 0, 10861, 14835, 97, 0, 1715, 12353, 2258, 306, 0, 0, 6, 94, 136, 0, 0, 0, 2730, 3406, 0, 0, 0, 10197, 3772, 138, 0, 215, 355, 1109, 0, 0, 0, 0, 0, 70, 0, 0, 0, 441, 1164, 0, 0, 0, 943, 1202, 
54349, 143, 0, 0, 9582, 616, 0, 0, 0, 0, 0, 0, 0, 0, 0, 0, 10289, 29, 0, 0, 6099, 4107, 189, 0, 0, 7, 1, 0, 0, 0, 0, 0, 203, 0, 0, 0, 182, 863, 108, 0, 0, 500, 2015, 50, 0, 0, 0, 0, 0, 0, 0, 0, 0, 0, 0, 0, 0, 23, 2409, 147, 0, 0, 1003, 5390, 
10201, 0, 0, 0, 6505, 55, 0, 0, 0, 0, 0, 0, 0, 0, 0, 0, 10375, 6, 0, 0, 42151, 8031, 719, 0, 1, 213, 377, 0, 0, 0, 0, 0, 1430, 0, 0, 0, 2004, 1227, 29, 0, 0, 693, 1576, 30, 0, 0, 17, 1, 0, 0, 0, 0, 2, 58, 0, 0, 0, 311, 322, 2, 0, 0, 2238, 9730, 
4727, 90, 0, 0, 2137, 398, 0, 0, 2, 0, 0, 0, 0, 0, 0, 0, 625, 106, 0, 0, 9697, 4444, 21, 0, 11615, 22587, 3, 0, 0, 0, 0, 0, 78, 4, 0, 0, 362, 1180, 38, 0, 10254, 14521, 300, 6, 2469, 4731, 129, 0, 0, 0, 0, 0, 1, 497, 0, 0, 0, 41, 164, 51, 1668, 3038, 289, 2031, 
22795, 53, 0, 0, 14106, 1704, 197, 0, 0, 0, 0, 0, 0, 0, 0, 0, 2872, 8, 0, 0, 14652, 15384, 491, 0, 637, 6279, 1541, 528, 0, 0, 0, 0, 77, 0, 0, 0, 693, 3522, 33, 0, 0, 3282, 3066, 59, 0, 0, 51, 18, 0, 0, 0, 0, 0, 0, 0, 0, 0, 115, 1248, 0, 0, 0, 1019, 3874, 
49766, 19, 0, 0, 22667, 60, 0, 0, 0, 0, 0, 0, 0, 0, 0, 0, 3003, 5, 0, 0, 7057, 6347, 9, 0, 5, 580, 2, 0, 0, 0, 0, 0, 0, 0, 0, 0, 51, 984, 58, 0, 0, 640, 2138, 0, 0, 0, 0, 0, 0, 0, 0, 0, 0, 0, 0, 0, 0, 91, 2110, 251, 0, 0, 244, 2217, 
39143, 300, 0, 0, 7423, 733, 0, 0, 0, 0, 0, 0, 0, 0, 0, 0, 2316, 49, 0, 0, 19510, 9667, 2203, 0, 316, 6067, 822, 0, 0, 0, 0, 0, 552, 0, 0, 0, 1007, 1243, 74, 0, 0, 508, 2139, 1690, 0, 0, 0, 51, 0, 0, 0, 0, 5, 16, 0, 0, 0, 124, 488, 89, 0, 1, 493, 1275, 
